Linux 6.6.87.2-microsoft-standard-WSL2 (d75345d54402) 	10/30/25 	_x86_64_	(8 CPU)

09:43:00        CPU     %user     %nice   %system   %iowait    %steal     %idle
09:43:01        all     24.84      0.00      4.22      0.87      0.00     70.06
09:43:02        all     15.88      0.00      4.34      0.00      0.00     79.78
09:43:03        all     33.88      0.00      4.00      0.00      0.00     62.12
09:43:04        all     23.85      0.00      2.75      0.00      0.00     73.41
09:43:05        all     33.84      0.00      4.53      0.00      0.00     61.64
09:43:06        all     91.15      0.00      7.33      0.00      0.00      1.52
09:43:07        all     96.53      0.00      3.47      0.00      0.00      0.00
09:43:08        all     95.99      0.00      4.01      0.00      0.00      0.00
09:43:09        all     97.36      0.00      2.64      0.00      0.00      0.00
09:43:10        all     96.50      0.00      3.38      0.00      0.00      0.13
09:43:11        all     97.71      0.00      2.29      0.00      0.00      0.00
09:43:12        all     96.38      0.00      3.62      0.00      0.00      0.00
09:43:13        all     91.93      0.00      8.07      0.00      0.00      0.00
09:43:14        all     93.39      0.00      6.48      0.00      0.00      0.13
09:43:15        all     96.09      0.00      3.91      0.00      0.00      0.00
09:43:16        all     96.13      0.00      3.87      0.00      0.00      0.00
09:43:17        all     96.75      0.00      3.25      0.00      0.00      0.00
09:43:18        all     96.73      0.00      3.27      0.00      0.00      0.00
09:43:19        all     97.87      0.00      2.13      0.00      0.00      0.00
09:43:20        all     96.41      0.00      3.59      0.00      0.00      0.00
09:43:21        all     97.33      0.00      2.67      0.00      0.00      0.00
09:43:22        all     96.09      0.00      3.91      0.00      0.00      0.00
09:43:23        all     86.37      0.00     13.19      0.00      0.00      0.44
09:43:24        all     96.36      0.00      3.64      0.00      0.00      0.00
09:43:25        all     95.84      0.00      4.16      0.00      0.00      0.00
09:43:26        all     94.07      0.00      5.93      0.00      0.00      0.00
09:43:27        all     95.08      0.00      4.92      0.00      0.00      0.00
09:43:28        all     98.50      0.00      1.50      0.00      0.00      0.00
09:43:29        all     97.74      0.00      2.26      0.00      0.00      0.00
09:43:30        all     97.11      0.00      2.89      0.00      0.00      0.00
09:43:31        all     98.24      0.00      1.76      0.00      0.00      0.00
09:43:32        all     95.62      0.00      4.38      0.00      0.00      0.00
09:43:33        all     96.73      0.00      3.27      0.00      0.00      0.00
09:43:34        all     97.12      0.00      2.76      0.00      0.00      0.13
09:43:35        all     95.49      0.00      4.51      0.00      0.00      0.00
09:43:36        all     95.10      0.00      4.90      0.00      0.00      0.00
09:43:37        all     94.63      0.00      5.37      0.00      0.00      0.00
09:43:38        all     95.46      0.00      4.16      0.00      0.00      0.38
09:43:39        all     94.09      0.00      5.66      0.00      0.00      0.25
09:43:40        all     95.37      0.00      4.51      0.00      0.00      0.13
09:43:41        all     90.64      0.00      8.98      0.00      0.00      0.38
09:43:42        all     93.54      0.00      5.70      0.00      0.00      0.76
09:43:43        all     87.62      0.00     12.38      0.00      0.00      0.00
09:43:44        all     93.80      0.00      5.95      0.00      0.00      0.25
09:43:45        all     88.35      0.00     10.98      0.00      0.00      0.68
09:43:46        all     93.58      0.00      6.42      0.00      0.00      0.00
09:43:47        all     93.21      0.00      6.40      0.00      0.00      0.39
09:43:48        all     93.01      0.00      6.60      0.00      0.00      0.40
09:43:49        all     88.92      0.00     11.08      0.00      0.00      0.00
09:43:50        all     96.55      0.00      3.45      0.00      0.00      0.00
09:43:51        all     94.78      0.00      5.22      0.00      0.00      0.00
09:43:52        all     96.94      0.00      3.06      0.00      0.00      0.00
09:43:53        all     94.47      0.00      5.53      0.00      0.00      0.00
09:43:54        all     95.79      0.00      4.21      0.00      0.00      0.00
09:43:55        all     95.94      0.00      3.80      0.00      0.00      0.25
09:43:56        all     95.18      0.00      4.82      0.00      0.00      0.00
09:43:57        all     96.09      0.00      3.91      0.00      0.00      0.00
09:43:58        all     96.93      0.00      3.07      0.00      0.00      0.00
09:43:59        all     97.76      0.00      2.24      0.00      0.00      0.00
09:44:00        all     96.78      0.00      3.22      0.00      0.00      0.00
09:44:01        all     97.05      0.00      2.95      0.00      0.00      0.00
09:44:02        all     95.97      0.00      4.03      0.00      0.00      0.00
09:44:03        all     89.56      0.00     10.04      0.00      0.00      0.40
09:44:04        all     97.74      0.00      2.26      0.00      0.00      0.00
09:44:05        all     96.73      0.00      3.27      0.00      0.00      0.00
09:44:06        all     96.09      0.00      3.91      0.00      0.00      0.00
09:44:07        all     93.32      0.00      6.68      0.00      0.00      0.00
09:44:08        all     97.48      0.00      2.52      0.00      0.00      0.00
09:44:09        all     97.50      0.00      2.37      0.00      0.00      0.12
09:44:10        all     97.08      0.00      2.92      0.00      0.00      0.00
09:44:11        all     95.95      0.00      4.05      0.00      0.00      0.00
09:44:12        all     94.99      0.00      4.87      0.00      0.00      0.13
09:44:13        all     89.81      0.00     10.05      0.00      0.00      0.13
09:44:14        all     96.97      0.00      3.03      0.00      0.00      0.00
09:44:15        all     95.46      0.00      4.54      0.00      0.00      0.00
09:44:16        all     96.54      0.00      3.46      0.00      0.00      0.00
09:44:17        all     97.85      0.00      2.15      0.00      0.00      0.00
09:44:18        all     96.41      0.00      3.59      0.00      0.00      0.00
09:44:19        all     96.99      0.00      2.89      0.00      0.00      0.13
09:44:20        all     98.37      0.00      1.63      0.00      0.00      0.00
09:44:21        all     97.87      0.00      2.13      0.00      0.00      0.00
09:44:22        all     97.74      0.00      2.26      0.00      0.00      0.00
09:44:23        all     87.73      0.00     12.27      0.00      0.00      0.00
09:44:24        all     94.09      0.00      5.91      0.00      0.00      0.00
09:44:25        all     92.51      0.00      7.36      0.00      0.00      0.13
09:44:26        all     91.59      0.00      8.28      0.00      0.00      0.13
09:44:27        all     94.90      0.00      5.10      0.00      0.00      0.00
09:44:28        all     96.25      0.00      3.75      0.00      0.00      0.00
09:44:29        all     95.01      0.00      4.99      0.00      0.00      0.00
09:44:30        all     91.37      0.00      8.63      0.00      0.00      0.00
09:44:31        all     93.97      0.00      6.03      0.00      0.00      0.00
09:44:32        all     93.65      0.00      6.22      0.00      0.00      0.13
09:44:33        all     83.47      0.00     14.89      0.00      0.00      1.64
09:44:34        all     94.23      0.00      5.77      0.00      0.00      0.00
09:44:35        all     96.11      0.00      3.89      0.00      0.00      0.00
09:44:36        all     94.27      0.00      5.73      0.00      0.00      0.00
09:44:37        all     92.51      0.00      7.36      0.00      0.00      0.14
09:44:38        all     94.82      0.00      4.67      0.00      0.00      0.51
09:44:39        all     95.49      0.00      4.51      0.00      0.00      0.00
09:44:40        all     97.88      0.00      2.12      0.00      0.00      0.00
09:44:41        all     98.27      0.00      1.73      0.00      0.00      0.00
09:44:42        all     96.56      0.00      3.44      0.00      0.00      0.00
09:44:43        all     94.25      0.00      5.75      0.00      0.00      0.00
09:44:44        all     97.09      0.00      2.91      0.00      0.00      0.00
09:44:45        all     97.38      0.00      2.62      0.00      0.00      0.00
09:44:46        all     96.01      0.00      3.99      0.00      0.00      0.00
09:44:47        all     95.75      0.00      4.25      0.00      0.00      0.00
09:44:48        all     96.92      0.00      3.08      0.00      0.00      0.00
09:44:49        all     98.12      0.00      1.88      0.00      0.00      0.00
09:44:50        all     97.74      0.00      2.26      0.00      0.00      0.00
09:44:51        all     97.74      0.00      2.26      0.00      0.00      0.00
09:44:52        all     94.13      0.00      5.87      0.00      0.00      0.00
09:44:53        all     90.01      0.00      9.99      0.00      0.00      0.00
09:44:54        all     91.33      0.00      8.67      0.00      0.00      0.00
09:44:55        all     90.37      0.00      9.63      0.00      0.00      0.00
09:44:56        all     92.18      0.00      7.82      0.00      0.00      0.00
09:44:57        all     90.90      0.00      9.10      0.00      0.00      0.00
09:44:58        all     94.79      0.00      5.21      0.00      0.00      0.00
09:44:59        all     92.68      0.00      6.79      0.00      0.00      0.53
09:45:00        all     97.57      0.00      2.43      0.00      0.00      0.00
09:45:01        all     97.87      0.00      2.13      0.00      0.00      0.00
09:45:02        all     96.05      0.00      3.95      0.00      0.00      0.00
09:45:03        all     89.14      0.00     10.86      0.00      0.00      0.00
09:45:04        all     96.88      0.00      3.12      0.00      0.00      0.00
09:45:05        all     96.80      0.00      3.20      0.00      0.00      0.00
09:45:06        all     94.55      0.00      5.45      0.00      0.00      0.00
09:45:07        all     96.58      0.00      3.42      0.00      0.00      0.00
09:45:08        all     95.66      0.00      4.34      0.00      0.00      0.00
09:45:09        all     96.10      0.00      3.90      0.00      0.00      0.00
09:45:10        all     96.63      0.00      3.37      0.00      0.00      0.00
09:45:11        all     95.78      0.00      4.22      0.00      0.00      0.00
09:45:12        all     93.58      0.00      6.42      0.00      0.00      0.00
09:45:13        all     89.81      0.00      9.52      0.00      0.00      0.67
09:45:14        all     95.58      0.00      4.42      0.00      0.00      0.00
09:45:15        all     93.86      0.00      6.14      0.00      0.00      0.00
09:45:16        all     94.54      0.00      5.46      0.00      0.00      0.00
09:45:17        all     93.63      0.00      6.23      0.00      0.00      0.13
09:45:18        all     93.54      0.00      6.33      0.00      0.00      0.13
09:45:19        all     96.23      0.00      3.77      0.00      0.00      0.00
09:45:20        all     93.16      0.00      6.58      0.00      0.00      0.25
09:45:21        all     96.22      0.00      3.78      0.00      0.00      0.00
09:45:22        all     96.82      0.00      3.18      0.00      0.00      0.00
09:45:23        all     82.15      0.00     17.20      0.00      0.00      0.64
09:45:24        all     88.79      0.00      6.62      0.00      0.00      4.59
09:45:25        all     91.09      0.00      2.60      0.00      0.00      6.31
09:45:26        all     88.31      0.00      5.19      0.00      0.00      6.49
09:45:27        all     79.03      0.00      4.45      0.00      0.00     16.52
09:45:28        all     78.20      0.00      3.69      0.12      0.00     17.98
09:45:29        all     80.25      0.00      3.60      0.00      0.00     16.15
09:45:30        all     77.12      0.00      4.18      0.00      0.00     18.70
09:45:31        all     80.64      0.00      3.06      0.00      0.00     16.30
09:45:32        all     79.93      0.00      2.74      0.00      0.00     17.33
09:45:33        all     76.40      0.00      8.50      0.13      0.00     14.97
09:45:34        all     79.00      0.00      4.75      0.00      0.00     16.25
09:45:35        all     77.56      0.00      4.39      0.00      0.00     18.05
09:45:36        all     76.00      0.00      5.22      0.00      0.00     18.78
09:45:37        all     78.23      0.00      2.24      0.00      0.00     19.53
09:45:38        all     76.45      0.00      5.06      0.00      0.00     18.50
09:45:39        all     76.05      0.00      4.71      0.00      0.00     19.23
09:45:40        all     76.49      0.00      3.36      0.00      0.00     20.15
09:45:41        all     74.91      0.00      3.60      0.00      0.00     21.49
09:45:42        all     74.50      0.00      4.23      0.00      0.00     21.27
09:45:43        all     78.54      0.00      6.27      0.00      0.00     15.18
09:45:44        all     76.43      0.00      4.27      0.00      0.00     19.29
09:45:45        all     73.73      0.00      4.71      0.87      0.00     20.69
09:45:46        all     66.21      0.00      4.77      0.00      0.00     29.02
09:45:47        all     62.41      0.00      4.22      0.00      0.00     33.37
09:45:48        all     60.15      0.00      5.32      0.00      0.00     34.53
09:45:49        all     28.21      0.00      6.78      0.00      0.00     65.01
09:45:50        all     44.00      0.00      6.55      0.12      0.00     49.32
09:45:51        all     92.67      0.00      7.21      0.00      0.00      0.13
09:45:52        all     97.94      0.00      1.93      0.00      0.00      0.13
09:45:53        all     93.71      0.00      6.02      0.00      0.00      0.27
09:45:54        all     85.82      0.00      8.76      0.52      0.00      4.90
09:45:55        all     80.26      0.00     14.74      0.00      0.00      5.00
09:45:56        all     93.69      0.00      5.91      0.00      0.00      0.39
09:45:57        all     97.59      0.00      2.41      0.00      0.00      0.00
09:45:58        all     95.62      0.00      4.38      0.00      0.00      0.00
09:45:59        all     85.18      0.00     11.48      0.00      0.00      3.34
09:46:00        all     74.93      0.00     21.81      0.00      0.00      3.26
09:46:01        all     90.59      0.00      8.76      0.00      0.00      0.65
09:46:02        all     97.41      0.00      2.59      0.00      0.00      0.00
09:46:03        all     91.06      0.00      8.53      0.00      0.00      0.41
09:46:04        all     78.14      0.00     19.29      0.00      0.00      2.57
09:46:05        all     82.31      0.00     12.48      0.00      0.00      5.20
09:46:06        all     80.55      0.00     11.61      0.00      0.00      7.84
09:46:07        all     88.50      0.00      2.25      0.00      0.00      9.25
09:46:08        all     80.50      0.00      4.84      0.00      0.00     14.66
09:46:09        all     22.47      0.00      5.56      0.00      0.00     71.97
09:46:10        all      0.25      0.00      3.52      0.00      0.00     96.23
09:46:11        all      0.12      0.00      4.11      0.00      0.00     95.77
09:46:12        all      0.50      0.00      3.25      0.00      0.00     96.25
09:46:13        all      2.40      0.00      5.04      0.00      0.00     92.56
09:46:14        all      0.25      0.00      4.59      0.00      0.00     95.16
09:46:15        all     60.65      0.00      6.14      0.00      0.00     33.21
09:46:16        all     96.48      0.00      3.52      0.00      0.00      0.00
09:46:17        all     98.25      0.00      1.75      0.00      0.00      0.00
09:46:18        all     93.50      0.00      5.22      0.00      0.00      1.27
09:46:19        all     95.78      0.00      3.96      0.00      0.00      0.26
09:46:20        all     97.95      0.00      2.05      0.00      0.00      0.00
09:46:21        all     95.67      0.00      3.44      0.25      0.00      0.64
09:46:22        all     92.67      0.00      6.94      0.00      0.00      0.39
09:46:23        all     83.84      0.00     15.56      0.00      0.00      0.60
09:46:24        all     96.84      0.00      3.16      0.00      0.00      0.00
09:46:25        all     94.03      0.00      5.35      0.00      0.00      0.62
09:46:26        all     90.95      0.00      8.76      0.00      0.00      0.29
09:46:27        all     89.14      0.00      3.54      0.00      0.00      7.32
09:46:28        all     78.59      0.00      3.71      0.37      0.00     17.33
09:46:29        all     37.26      0.00     11.41      0.00      0.00     51.33
09:46:30        all     42.65      0.00     23.32      0.00      0.00     34.02
09:46:31        all     18.35      0.00     10.25      0.00      0.00     71.39
09:46:32        all      0.38      0.00      3.88      0.50      0.00     95.24
09:46:33        all      2.49      0.00      6.34      0.00      0.00     91.17
09:46:34        all      1.63      0.00      5.90      0.00      0.00     92.47
09:46:35        all      1.12      0.00      4.00      0.00      0.00     94.88
09:46:36        all      0.38      0.00      2.51      0.00      0.00     97.11
09:46:37        all      2.14      0.00      4.77      0.00      0.00     93.09
09:46:38        all      1.00      0.00      1.13      0.50      0.00     97.37

Average:        all     83.34      0.00      5.26      0.02      0.00     11.38
