Linux 6.6.87.2-microsoft-standard-WSL2 (d75345d54402) 	10/30/25 	_x86_64_	(8 CPU)

09:43:00    kbmemfree   kbavail kbmemused  %memused kbbuffers  kbcached  kbcommit   %commit  kbactive   kbinact   kbdirty
09:43:01      7914972   8223444   1560376     15.56      3180    435280   3617212     27.46    150140   1610528        60
09:43:02      7817104   8125560   1658132     16.53      3180    435284   3673456     27.88    151980   1700492        64
09:43:03      7759016   8067244   1716092     17.11      3180    435284   3731624     28.32    155984   1755720        64
09:43:04      7716432   8024812   1758328     17.53      3180    435436   3770424     28.62    159940   1796788       216
09:43:05      7602464   7910852   1871052     18.66      3180    435436   4152668     31.52    161072   1904812       220
09:43:06      7413852   7722240   2059140     20.53      3180    435436   4258344     32.32    161072   2052812       220
09:43:07      7321356   7629744   2151892     21.46      3188    435428   4360792     33.10    161072   2130332       220
09:43:08      7236888   7545276   2236360     22.30      3188    435428   4425304     33.59    161072   2218568       220
09:43:09      7199964   7508352   2272784     22.66      3188    435428   4458648     33.84    161072   2251856       220
09:43:10      7131104   7439492   2341644     23.35      3188    435428   4539296     34.45    161072   2322992       220
09:43:11      7115768   7424156   2356980     23.50      3188    435428   4545688     34.50    161072   2339408       220
09:43:12      7091984   7400372   2380764     23.74      3188    435428   4568216     34.67    161072   2363576       220
09:43:13      7056336   7364724   2416124     24.09      3188    435428   4695540     35.64    161072   2398688       220
09:43:14      6957076   7265488   2515388     25.08      3188    435432   4706804     35.73    161128   2499988        40
09:43:15      6938064   7246596   2534704     25.27      3188    435524   4725236     35.87    161788   2518628       212
09:43:16      6926868   7235400   2545900     25.38      3196    435516   4736244     35.95    161788   2529572       212
09:43:17      6913368   7222016   2559172     25.52      3196    435516   4748928     36.04    161788   2542568       212
09:43:18      6901280   7209928   2571260     25.64      3196    435516   4760704     36.13    161788   2556020       212
09:43:19      6890020   7198668   2582520     25.75      3196    435516   4771712     36.22    161788   2566964       212
09:43:20      6878924   7187572   2593616     25.86      3196    435516   4781184     36.29    161788   2576540       212
09:43:21      6870152   7178800   2602388     25.95      3196    435516   4790144     36.36    161788   2584976       212
09:43:22      6857620   7166268   2614888     26.07      3196    435516   4798848     36.42    161788   2594324       212
09:43:23      6843560   7152208   2629044     26.21      3204    435508   4804608     36.47    161788   2605736       216
09:43:24      6820144   7128792   2652732     26.45      3204    435508   4834304     36.69    161788   2632640       216
09:43:25      6793228   7101876   2679648     26.72      3204    435508   4863488     36.91    161788   2661824       216
09:43:26      6762512   7071160   2710364     27.02      3204    435508   4891904     37.13    161788   2690552       216
09:43:27      6688760   6997408   2784116     27.76      3204    435508   4961792     37.66    161788   2759864       216
09:43:28      6683756   6992404   2788864     27.81      3204    435508   4970496     37.73    161788   2768528       216
09:43:29      6677432   6986080   2795188     27.87      3204    435508   4979680     37.80    161788   2777648       216
09:43:30      6650632   6959280   2821796     28.14      3204    435508   5007536     38.01    161788   2806124       216
09:43:31      6649920   6958568   2822508     28.14      3212    435500   5015680     38.07    161788   2813876       216
09:43:32      6642588   6951236   2829612     28.21      3212    435500   5023568     38.13    161788   2822312       216
09:43:33      6648780   6957428   2823420     28.15      3212    435500   5030512     38.18    161788   2827556       216
09:43:34      6623136   6931784   2849064     28.41      3212    435500   5043556     38.28    162700   2860160       216
09:43:35      6583236   6893252   2887596     28.79      3820    436260   5052908     38.35    163156   2901656      1128
09:43:36      6541864   6853476   2926916     29.18      4084    438048   5064632     38.44    163156   2944064      2952
09:43:37      6503840   6818644   2961520     29.53      4108    441444   5079748     38.56    163384   2981684      6372
09:43:38      6503188   6826696   2953904     29.45      4112    449572   5062032     38.42    163616   2987120     14916
09:43:39      6468328   6796308   2983384     29.75      4112    454616   5084984     38.60    163632   3016160     19500
09:43:40      6440908   6774588   3006016     29.97      4112    459404   5096272     38.68    163632   3042380     24972
09:43:41      6719404   7065436   2714920     27.07      4112    471924   4804288     36.47    163632   2761072     37492
09:43:42      6684108   7031948   2748376     27.40      4124    473700   4839472     36.73    163648   2797048     39052
09:43:43      6741880   7094164   2686044     26.78      4124    478032   4761648     36.14    163648   2726368     43384
09:43:44      6898180   7253548   2526100     25.19      4124    481612   4600188     34.92    163788   2565748     46680
09:43:45      6920020   7278076   2501704     24.94      4128    484016   4568904     34.68    163796   2534676     49404
09:43:46      6883112   7242388   2537700     25.30      4128    484544   4609848     34.99    164180   2575680     49668
09:43:47      6852248   7211980   2568044     25.61      4136    484992   4630664     35.15    164180   2598940     50124
09:43:48      6952200   7314440   2465584     24.58      4136    487500   4531244     34.39    164180   2501356     52632
09:43:49      6929912   7292152   2487872     24.81      4136    487500   4548936     34.53    164180   2518000     52632
09:43:50      6901712   7263952   2516072     25.09      4136    487500   4577608     34.74    164180   2547184     52632
09:43:51      6877664   7239904   2540120     25.33      4136    487500   4598088     34.90    164180   2568160     52632
09:43:52      6845704   7207944   2572080     25.65      4136    487500   4629576     35.14    164180   2599624     52632
09:43:53      6823252   7185492   2594532     25.87      4144    487492   4658764     35.36    164180   2628124     52632
09:43:54      6788008   7150248   2629776     26.22      4144    487492   4688460     35.59    164180   2657992     52632
09:43:55      6774732   7136972   2642788     26.35      4144    487492   4698444     35.66    164180   2668252     52632
09:43:56      6727656   7089896   2689864     26.82      4144    487492   4748176     36.04    164180   2718184     52632
09:43:57      6711344   7073584   2706176     26.98      4144    487492   4767376     36.19    164180   2737336     52632
09:43:58      6699896   7062136   2717352     27.09      4144    487492   4777104     36.26    164180   2746684     51948
09:43:59      6668208   7030448   2749312     27.41      4144    487492   4807824     36.49    164180   2777464     51948
09:44:00      6658332   7020572   2759188     27.51      4144    487492   4816528     36.56    164180   2786812     51948
09:44:01      6649956   7012196   2767564     27.59      4152    487484   4845200     36.78    164180   2799352     51948
09:44:02      6610096   6972336   2807424     27.99      4152    487484   5252900     39.87    164180   2836972     51948
09:44:03      6616180   6978420   2801340     27.93      4152    487484   4861136     36.90    164180   2831728     51948
09:44:04      6602676   6964916   2814604     28.06      4152    487484   4872144     36.98    164180   2842672     51948
09:44:05      6594740   6956980   2822540     28.14      4152    487484   4881872     37.05    164180   2853388     51948
09:44:06      6584232   6946472   2833056     28.25      4152    487484   4889296     37.11    164180   2860228     51948
09:44:07      6531920   6894160   2885368     28.77      4152    487484   4938964     37.49    164180   2910844     51948
09:44:08      6527340   6889580   2890176     28.82      4160    487476   4947924     37.56    164180   2919964     51948
09:44:09      6514216   6876456   2903300     28.95      4160    487476   4956628     37.62    164180   2929540     51948
09:44:10      6503024   6865264   2914492     29.06      4160    487476   4965828     37.69    164180   2937976     51948
09:44:11      6460552   6822792   2957220     29.49      4160    487476   5018040     38.09    164180   2990416     51948
09:44:12      6448432   6810672   2969084     29.60      4160    487476   5026744     38.15    164180   2999308     51948
09:44:13      6358924   6721064   3058680     30.50      4172    487328   5116860     38.84    164216   3084624     29260
09:44:14      6356348   6718488   3061256     30.52      4172    487328   5125564     38.90    164216   3092832     29260
09:44:15      6307340   6669480   3110264     31.01      4172    487328   5175984     39.29    164216   3142992     29260
09:44:16      6300848   6663124   3116520     31.07      4180    487448   5184144     39.35    164256   3151576     29248
09:44:17      6291704   6653980   3125664     31.17      4180    487448   5192800     39.41    164256   3159784     29248
09:44:18      6286288   6648564   3131016     31.22      4180    487448   5201728     39.48    164256   3169756     29248
09:44:19      6239000   6601732   3177848     31.69      4180    487904   5253316     39.87    164256   3224476     29704
09:44:20      6235632   6599732   3179848     31.71      4180    489272   5264820     39.96    164256   3237016     31072
09:44:21      6220036   6585276   3194304     31.85      4180    490412   5278628     40.07    164256   3252064     32212
09:44:22      6210028   6577776   3201804     31.92      4188    492912   5294804     40.19    164256   3270760     34948
09:44:23      6195864   6565436   3214144     32.05      4192    494732   5303636     40.26    164256   3283984     36772
09:44:24      6191236   6566508   3213072     32.04      4192    500432   5309076     40.30    164256   3295840     42700
09:44:25      6315656   6699964   3079432     30.70      4192    509572   5167044     39.22    164264   3164052     51832
09:44:26      6307372   6693740   3085764     30.77      4192    511396   5169620     39.24    164264   3169572     53656
09:44:27      6289756   6679316   3100444     30.91      4200    514580   5180724     39.32    164264   3183024     57076
09:44:28      6269700   6665076   3114572     31.05      4200    520280   5195828     39.44    164264   3204000     33592
09:44:29      6369096   6769032   3010616     30.02      4200    524840   5092704     38.65    164264   3105732     38152
09:44:30      6495164   6899204   2880204     28.72      4200    528944   4941840     37.51    164264   2973036     42256
09:44:31      6531272   6939644   2840004     28.32      4200    533276   4896920     37.17    164264   2927436     46588
09:44:32      6613340   7022480   2757172     27.49      4208    534028   4809780     36.51    164264   2841704     47348
09:44:33      6608356   7018448   2761016     27.53      4208    534976   4809572     36.51    164272   2846360     48308
09:44:34      6583800   6993892   2785572     27.77      4208    534976   4828772     36.65    164272   2866196     48308
09:44:35      6562268   6972588   2806648     27.98      4208    535432   4851044     36.82    164272   2888540     48764
09:44:36      6664696   7077980   2701484     26.94      4208    538168   4747616     36.04    164272   2784116     51500
09:44:37      6659948   7073112   2706344     26.98      4208    537992   4750808     36.06    164272   2786904     51320
09:44:38      6625872   7039036   2740420     27.32      4216    537984   4780488     36.28    164272   2815716     51320
09:44:39      6619328   7032492   2746692     27.39      4216    537984   4790728     36.36    164272   2826432     51320
09:44:40      6605292   7018456   2760968     27.53      4216    537984   4802248     36.45    164272   2837376     51320
09:44:41      6594580   7007744   2771680     27.64      4216    537984   4810952     36.52    164272   2846952     51320
09:44:42      6586080   6999244   2780052     27.72      4216    537984   4821688     36.60    164272   2857128     51328
09:44:43      6574088   6987252   2791816     27.84      4216    537984   4830136     36.66    164272   2866704     50872
09:44:44      6565944   6979108   2799984     27.92      4216    537984   4842168     36.75    164272   2876508     50872
09:44:45      6552932   6966096   2812996     28.05      4216    537984   4852152     36.83    164272   2886996     50872
09:44:46      6547300   6960464   2818368     28.10      4224    537976   4860856     36.89    164272   2895660     50872
09:44:47      6536664   6950908   2827940     28.20      4224    538640   4870840     36.97    164324   2906028     51264
09:44:48      6525300   6939544   2839304     28.31      4224    538640   4880056     37.04    164324   2916972     51264
09:44:49      6521668   6935912   2842936     28.35      4224    538640   4889784     37.11    164324   2926776     51264
09:44:50      6510784   6925028   2853820     28.45      4224    538640   4899512     37.19    164324   2935896     51264
09:44:51      6496788   6911032   2867816     28.59      4224    538640   4910008     37.27    164324   2946840     51264
09:44:52      6490576   6904820   2873740     28.65      4224    538640   4917944     37.33    164324   2955048     51264
09:44:53      6481332   6895576   2882984     28.75      4232    538632   4923832     37.37    164324   2960748     51264
09:44:54      6436524   6850768   2928048     29.20      4232    538632   4974268     37.76    164324   3007944     51264
09:44:55      6360020   6774264   3004552     29.96      4232    538632   5046688     38.31    164324   3083412     51264
09:44:56      6348160   6762404   3016412     30.08      4232    538632   5056928     38.38    164324   3093900     51264
09:44:57      6346612   6760856   3017960     30.09      4232    538632   5065184     38.45    164324   3102336     51264
09:44:58      6335224   6749468   3029340     30.20      4232    538632   5074912     38.52    164324   3112144     37584
09:44:59      6243440   6657684   3121124     31.12      4232    538632   5165784     39.21    164324   3202432     37584
09:45:00      6236308   6650552   3128256     31.19      4232    538632   5175752     39.28    164324   3212236     37584
09:45:01      6225256   6639500   3139308     31.30      4240    538624   5186488     39.37    164324   3222952     37584
09:45:02      6177908   6592152   3186656     31.77      4240    538624   5237932     39.76    164324   3275164     37584
09:45:03      6163972   6578216   3200832     31.91      4240    538624   5246908     39.82    164324   3286108     37584
09:45:04      6156896   6571824   3207224     31.98      4240    539308   5257452     39.90    164324   3300472     38040
09:45:05      6137288   6552672   3226376     32.17      4240    539764   5311760     40.32    164324   3319624     38496
09:45:06      6099604   6517040   3262008     32.52      4240    541816   5324256     40.41    164324   3369784     40548
09:45:07      6117284   6537912   3241136     32.32      4248    545000   5299540     40.22    164324   3349720     43968
09:45:08      6108952   6531420   3247412     32.38      4248    546832   5306276     40.28    164336   3359672     46196
09:45:09      6089364   6513656   3265176     32.56      4248    548656   5325444     40.42    164336   3379736     48020
09:45:10      6084724   6513348   3265484     32.56      4248    552988   5328900     40.45    164336   3387944     52124
09:45:11      6066852   6497756   3281076     32.71      4248    555268   5348084     40.59    164336   3409376     54404
09:45:12      6189308   6627964   3150640     31.41      4256    563240   5213284     39.57    164336   3283064     62156
09:45:13      6184680   6625964   3153076     31.44      4256    565312   5216196     39.59    164344   3288676     27596
09:45:14      6228428   6671764   3107048     30.98      4256    567592   5163696     39.19    164344   3237832     29648
09:45:15      6254928   6705560   3073252     30.64      4256    574888   5124912     38.90    164344   3207052     36944
09:45:16      6227364   6679364   3099432     30.90      4256    576028   5150240     39.09    164344   3236236     38084
09:45:17      6359588   6816376   2962192     29.54      4264    581036   5010520     38.03    164344   3103540     42872
09:45:18      6403464   6864408   2913864     29.05      4264    584720   4958184     37.63    164404   3054740     46592
09:45:19      6458200   6920064   2858100     28.50      4264    585860   4901332     37.20    164404   2997868     47732
09:45:20      6482316   6947408   2830952     28.23      4264    588848   4867828     36.95    164404   2968464     50724
09:45:21      6470036   6935128   2843232     28.35      4264    588848   4887332     37.10    164404   2983512     50724
09:45:22      6528160   6994848   2783512     27.75      4272    590436   4829456     36.66    164404   2927196     52320
09:45:23      6556664   7024456   2753964     27.46      4272    591504   4798804     36.42    164404   2895380     53388
09:45:24      6544736   7012972   2765672     27.58      4272    591884   4810580     36.51    164412   2908592     53764
09:45:25      6534264   7002500   2775632     27.68      4272    591884   4823620     36.61    164412   2922036     53764
09:45:26      6570308   7039456   2738820     27.31      4272    592796   4788416     36.34    164412   2883460     54676
09:45:27      6553756   7023036   2755216     27.47      4280    592912   4800512     36.44    164412   2895740     54800
09:45:28      6548744   7018076   2760212     27.52      4280    592960   4814320     36.54    164420   2909212     54196
09:45:29      6532420   7001752   2776536     27.68      4280    592960   4826864     36.64    164420   2921732     54196
09:45:30      6512316   6981648   2796624     27.88      4280    592960   4841456     36.75    164420   2936296     54196
09:45:31      6501432   6970764   2807620     27.99      4280    592960   4853488     36.84    164420   2948632     54196
09:45:32      6443768   6913100   2865252     28.57      4280    592960   4908276     37.25    164420   3002844     54196
09:45:33      6432868   6902200   2876080     28.68      4288    592960   4929836     37.42    164420   3019488     54216
09:45:34      6424696   6894028   2884000     28.76      4288    592956   4930616     37.42    164420   3029740     54224
09:45:35      6412808   6882148   2895956     28.88      4288    592964   4941864     37.51    164436   3041052     54228
09:45:36      6318040   6787384   2990740     29.82      4288    592964   5035552     38.22    164436   3134812     54228
09:45:37      6312164   6781508   2996472     29.88      4288    592964   5045792     38.30    164436   3145528     54228
09:45:38      6254928   6724272   3053708     30.45      4288    592964   5098020     38.69    164424   3197160     54228
09:45:39      6204216   6673560   3104372     30.95      4288    592964   5150760     39.09    164424   3249892     54228
09:45:40      6195396   6664744   3113404     31.04      4296    592960   5161448     39.18    164428   3259988     54228
09:45:41      6191176   6661864   3116060     31.07      4296    594308   5172936     39.26    164436   3273156     55580
09:45:42      6138772   6610480   3167552     31.58      4296    595296   5229516     39.69    164436   3330936     56544
09:45:43      6135976   6608920   3169148     31.60      4300    596516   5239788     39.77    164444   3338596     16676
09:45:44      6130524   6607628   3170372     31.61      4300    600668   5251468     39.86    164444   3353700     20936
09:45:45      6105656   6587188   3190760     31.81      4308    605024   5278288     40.06    164444   3385700     25824
09:45:46      6207200   6692956   3084844     30.76      4308    609320   5172556     39.26    164452   3284472     33180
09:45:47      6190664   6685408   3092264     30.83      4308    618204   5186700     39.37    164452   3307276     42064
09:45:48      6455336   6959728   2817660     28.09      4308    627852   4903008     37.21    164452   3034284     51712
09:45:49      6571580   7083408   2694172     26.86      4308    634896   4779900     36.28    164452   2918468     58756
09:45:50      6577512   7092948   2684136     26.76      4316    637524   4698776     35.66    164716   2857004     61392
09:45:51      6555096   7070080   2707064     26.99      4316    637520   4734544     35.94    164968   2887364     61500
09:45:52      6570488   7085472   2691672     26.84      4316    637520   4749456     36.05    164968   2901728     61500
09:45:53      6568016   7083032   2693756     26.86      4316    637520   4754096     36.08    164988   2911556     61500
09:45:54      6595196   7110088   2666876     26.59      4316    637532   4705780     35.72    165520   2876460     61500
09:45:55      6550224   7065108   2711932     27.04      4316    637532   4716508     35.80    165796   2890144     61500
09:45:56      6527096   7041868   2735284     27.27      4324    637524   4735668     35.94    166024   2907700     61500
09:45:57      6537696   7052468   2724684     27.17      4324    637524   4750628     36.06    166024   2922064     61500
09:45:58      6553564   7068336   2709056     27.01      4328    637520   4757316     36.11    166024   2928676     45084
09:45:59      6578964   7093680   2683572     26.76      4328    637544   4724600     35.86    166596   2896816     44900
09:46:00      6565660   7080540   2696556     26.89      4328    637544   4712376     35.77    166612   2886320     44900
09:46:01      6534716   7049604   2727456     27.19      4336    637536   4736348     35.95    166748   2899936     44900
09:46:02      6547452   7062340   2714720     27.07      4336    637536   4751020     36.06    166748   2914528     44900
09:46:03      6557376   7072264   2704560     26.97      4336    637536   4751756     36.07    166748   2917720     44900
09:46:04      6569564   7084448   2692632     26.85      4336    637544   4746748     36.03    167016   2908888     44928
09:46:05      6577044   7092280   2684176     26.76      4336    637548   4711800     35.76    167576   2874780     44928
09:46:06      6555012   7069936   2706972     26.99      4336    637548   4734476     35.94    168140   2897720     44928
09:46:07      6559492   7074416   2702572     26.95      4336    637548   4748348     36.04    168172   2911576     44928
09:46:08      6585960   7100844   2676192     26.68      4344    637548   4737836     35.96    168536   2901572     44932
09:46:09      6615864   7130740   2646336     26.39      4344    637548   4701452     35.68    168536   2865672     44932
09:46:10      6615864   7130740   2646336     26.39      4344    637548   4701452     35.68    168536   2865672     44932
09:46:11      6615864   7130740   2646348     26.39      4344    637548   4701520     35.69    168536   2865704     44932
09:46:12      6615624   7130500   2646588     26.39      4344    637548   4701520     35.69    168536   2865736     44900
09:46:13      6615684   7130560   2646528     26.39      4344    637548   4701520     35.69    168536   2862512     44884
09:46:14      6615684   7130560   2646528     26.39      4344    637548   4701520     35.69    168536   2862352     44884
09:46:15      6523312   7037976   2739340     27.31      4344    637548   4726164     35.87    210032   2872036     44892
09:46:16      6512016   7026680   2750636     27.43      4352    637540   4745332     36.02    218468   2887084     44892
09:46:17      6519752   7034416   2742900     27.35      4352    637540   4759060     36.12    218696   2907148     44892
09:46:18      6522084   7036788   2740444     27.32      4352    637588   4717640     35.81    246996   2841488     44924
09:46:19      6497308   7012072   2765028     27.57      4352    637648   4740648     35.98    269144   2840872     44988
09:46:20      6508704   7023468   2753632     27.46      4352    637648   4755576     36.10    269828   2855464     44988
09:46:21      6542124   7057160   2720432     27.12      4360    637676   4727464     35.88    278172   2816148     45032
09:46:22      6507736   7022772   2754820     27.47      4360    637676   4727608     35.88    310092   2790384     45032
09:46:23      6502664   7017812   2759856     27.52      4360    637788   4741576     35.99    319212   2790432     45144
09:46:24      6517404   7032324   2745116     27.37      4360    637788   4756072     36.10    320580   2803200     45144
09:46:25      6531388   7046308   2731132     27.23      4360    637788   4733596     35.93    338136   2764668     45144
09:46:26      6524168   7039240   2738460     27.30      4368    637700   4725804     35.87    359500   2725928     45064
09:46:27      6520192   7035152   2742104     27.34      4368    637804   4746544     36.03    365588   2740924     45176
09:46:28      6548536   7063580   2713652     27.06      4380    637860   4732656     35.92    365828   2728836       340
09:46:29      6578880   7094256   2682820     26.75      4380    638068   4704800     35.71    366040   2702496       556
09:46:30      6569856   7085580   2690936     26.83      4380    638068   4727300     35.88    366224   2707960       556
09:46:31      6577460   7092856   2683640     26.76      4380    638068   4727932     35.89    366344   2697212       556
09:46:32      6577712   7093112   2683856     26.76      4388    638068   4718392     35.81    366344   2695108      1100
09:46:33      6576960   7092356   2684628     26.77      4388    638068   4716336     35.80    366344   2698412      1100
09:46:34      6583728   7099140   2678024     26.70      4388    638072   4716336     35.80    366356   2699360      1116
09:46:35      6582984   7098356   2678856     26.71      4388    638072   4716336     35.80    366356   2699840      1116
09:46:36      6582984   7098364   2678840     26.71      4388    638072   4716336     35.80    366356   2699840      1116
09:46:37      7263140   7574004   2207100     22.01      4388    436224   4073184     30.92    165056   2239456       620
09:46:38      8017804   8328524   1453716     14.49      4400    436040   3353864     25.46    165620   1489748       800

Average:      6578378   6992768   2786328     27.78      4083    538987   4857500     36.87    179645   2867307     36617
