Linux 6.6.87.2-microsoft-standard-WSL2 (d75345d54402) 	10/30/25 	_x86_64_	(8 CPU)

09:42:12    kbmemfree   kbavail kbmemused  %memused kbbuffers  kbcached  kbcommit   %commit  kbactive   kbinact   kbdirty
09:42:13      8023572   8253524   1530164     15.26      1596    359432   3609828     27.40    108220   1543960        32
09:42:14      7940664   8180240   1603676     15.99      1596    368828   3622688     27.50    110992   1623600        32
09:42:15      7847364   8107404   1676496     16.72      1804    389100   3672508     27.87    114444   1707260        32
09:42:16      7788716   8058856   1724700     17.20      1824    399408   3711860     28.17    116320   1766700        80
09:42:17      7745132   8025100   1758652     17.54      1828    408536   3763520     28.57    119348   1809276        80
09:42:18      7693944   7978036   1805244     18.00      1976    412760   3793152     28.79    121648   1850476        80
09:42:19      7627632   7911768   1870832     18.65      1988    412792   3925872     29.80    125628   1894404        88
09:42:20      7617588   7901724   1880972     18.75      1988    412792   3928936     29.82    125628   1901600        92
09:42:21      7579720   7863856   1918364     19.13      1988    412792   3967244     30.11    125628   1936940        92
09:42:22      7570528   7854668   1927436     19.22      1996    412792   3973388     30.16    125628   1946720       164
09:42:23      7559808   7843952   1938256     19.33      1996    412792   3984652     30.24    125636   1955216       164
09:42:24      7553760   7837904   1944224     19.39      1996    412792   3992140     30.30    125636   1964844       164
09:42:25      7553992   7838136   1944192     19.39      1996    412792   3995980     30.33    125636   1970988       164
09:42:26      7536684   7820828   1961468     19.56      1996    412792   4008236     30.42    125636   1983528       156
09:42:27      7525232   7809376   1972936     19.67      1996    412792   4023804     30.54    125636   1998728       156
09:42:28      7502632   7793528   1988852     19.83      2296    419196   3999816     30.36    126692   2032580      3696
09:42:29      7437964   7730048   2051652     20.46      2308    419888   4036980     30.64    126868   2096444      4380
09:42:30      7415228   7708104   2073916     20.68      3004    419916   4052576     30.76    131284   2109360      4416
09:42:31      7563932   7854004   1927872     19.22      3012    416816   3852760     29.24    131536   1968320       764
09:42:32      8038144   8327856   1455484     14.51      3016    416812   3353532     25.45    138184   1495224       560
09:42:33      8037432   8327372   1456196     14.52      3016    416812   3353200     25.45    138412   1495544       552

Average:      7674270   7953633   1829123     18.24      2153    407744   3839175     29.14    124507   1859605       759
