Linux 6.6.87.2-microsoft-standard-WSL2 (d75345d54402) 	10/30/25 	_x86_64_	(8 CPU)

09:12:46    kbmemfree   kbavail kbmemused  %memused kbbuffers  kbcached  kbcommit   %commit  kbactive   kbinact   kbdirty
09:12:47      7902144   8233188   1551276     15.47      3716    457604   3598168     27.31    164368   1612960       108
09:12:48      7783720   8114776   1669592     16.65      3724    457604   3652196     27.72    164376   1726396       176
09:12:49      7728052   8059108   1724784     17.20      3724    457604   3716012     28.21    164380   1781660       176
09:12:50      7692104   8023540   1759820     17.55      3724    457756   3751216     28.47    164384   1817024       328
09:12:51      7626932   7958296   1824792     18.19      3724    457756   3868268     29.36    164388   1876452       328
09:12:52      7586084   7917448   1865440     18.60      3724    457756   3873436     29.40    164388   1912952       328
09:12:53      7555552   7887552   1895092     18.90      3724    458272   3885984     29.50    164404   1942624       844
09:12:54      7554292   7886336   1896192     18.91      3724    458272   3886632     29.50    164408   1946124       844
09:12:55      7543228   7875240   1907264     19.02      3732    458284   3888648     29.52    164908   1955516       988
09:12:56      7528524   7860704   1921080     19.15      3732    458452   3905256     29.64    164956   1973544      1020
09:12:57      7537308   7869636   1911992     19.06      3732    458452   3905256     29.64    164952   1958088       788
09:12:58      7994992   8326276   1457112     14.53      3732    457728   3334488     25.31    164884   1509724        64
09:12:59      7995344   8326628   1456760     14.53      3732    457728   3334156     25.31    164880   1509668        64

Average:      7694483   8026056   1757015     17.52      3726    457944   3738440     28.38    164590   1809441       466
